router

0    NA          29.65          91.1
1    NA          36.05639       103.79222
2    NA          39.45472       75.97972
3    NA          32.51667       80.06667
4    NA          36.66833       116.99722
5    NA          36.09861       120.37194
6    NA          37.86944       112.56028
7    NA          38.04139       114.47861
8    NA          31.22222       121.45806
9    NA          31.31139       120.61806         
12   NA          22.81667       108.31667
13   NA          28.2           112.96667
14   NA          26.58333       106.71667
15   NA          29.56278       106.55278
16   NA          30.66667       104.06667
17   NA          25.03889       102.71833
18   NA          34.25833       108.92861
19   NA          34.75778       113.64861       
22   NA          20.04583       110.34167
23   NA          30.13062       100.51803
24   NA          30.25528       120.16889
25   NA          30.58333       114.26667
26   NA          31.86389       117.28083
27   NA          32.06167       118.77778
28   NA          23.11667       113.25
29   NA          24.47979       118.08187
30   NA          26.06139       119.30611
31   NA          28.68333       115.88333
32   NA          36.61667       101.76667
33   NA          43.8           87.58333
34   NA          45.75          126.65
35   NA          43.88          125.32278
36   NA          41.79222       123.43278
37   NA          38.91222       121.60222
38   NA          39.14222       117.17667
39   NA          39.9075        116.39723
40   NA          40.81056       111.65222
41   NA          38.46806       106.27306


link


0  16      10Mbps
0  3       10Mbps
0  39      10Mbps
1  18      10Mbps
1  39      10Mbps
2  33      10Mbps
4  8       10Mbps
5  38      10Mbps
6  18      10Mbps
6  39      10Mbps
7  39      10Mbps
8  38      10Mbps
8  39      10Mbps
8  9       10Mbps
8  16      10Mbps
8  18      10Mbps
8  23      10Mbps
8  24      10Mbps
8  25      10Mbps
8  26      10Mbps
8  27      10Mbps
8  28      10Mbps
8  31      10Mbps
9  27      10Mbps
12 28      10Mbps
13 25      10Mbps
14 16      10Mbps
14 28      10Mbps
15 16      10Mbps
15 28      10Mbps
16 27      10Mbps
16 28      10Mbps
17 28      10Mbps
18 32      10Mbps
18 33      10Mbps
18 41      10Mbps
18 39      10Mbps
18 40      10Mbps
18 25      10Mbps
18 27      10Mbps
18 28      10Mbps
19 39      10Mbps
22 25      10Mbps
22 28      10Mbps
23 28      10Mbps
23 39      10Mbps
25 39      10Mbps
25 27      10Mbps
27 39      10Mbps
27 30      10Mbps
28 38      10Mbps
28 39      10Mbps
28 29      10Mbps
32 39      10Mbps
33 39      10Mbps
34 39      10Mbps
35 39      10Mbps
36 39      10Mbps
37 38      10Mbps
38 39      10Mbps
39 40      10Mbps
39 41      10Mbps

