11 13
26 2
3 6
5 15
25 29
4 7
15 0
10 5
27 30
20 18
32 25
36 27
1 10
37 3
19 11
3 24
2 32
22 12
7 22
30 22
31 22
17 22
33 20
5 20
25 28
4 12
15 28
10 28
27 12
20 12
32 22
9 12
29 22
3 22
2 35
12 8
0 24
28 31
34 20
14 4
9 34
22 9
29 32
24 28
8 12
16 17
7 1
30 36
31 37
17 19
35 22
11 23
2 17
13 28
12 28
11 12
3 4
33 22
0 22
21 12
6 17
36 17
1 17
37 17
28 17
18 23
2 22
0 4
5 22
26 22
25 22
13 4
12 4
34 22
18 28
5 12
26 12
6 16
13 14
18 21
21 23
6 22
36 22
1 22
37 22
28 22
19 12
14 28
4 22
19 22
14 22
15 22
10 22
11 22
27 17
9 17
20 17
22 17
2 28
15 17
10 17
13 17
12 17
18 17
33 28
11 17
27 28
9 28
20 28
5 28
22 28
2 12
25 12
15 12
10 12
3 12
13 22
12 22
29 12
18 22
33 12
4 28
24 17
21 22
6 28
36 28
1 28
37 28
8 17
16 22
24 22
21 17
27 22
9 22
20 22
7 12
30 12
31 12
17 12
32 12
3 28
13 26
28 12
6 12
36 12
1 12
37 12
12 26
14 24
34 12
8 28
19 28
34 28
2 20
16 28
11 28
26 28
7 28
30 28
31 28
17 28
32 28
29 28
3 20
2 26
0 12
18 12
0 28
13 12
35 12
24 12
16 12
18 4
11 20
26 20
7 20
30 20
31 20
17 20
32 20
18 20
28 20
6 26
36 20
1 20
37 26
0 20
25 20
15 20
10 20
11 4
29 20
26 4
7 26
30 26
31 26
17 26
32 26
12 20
13 20
18 26
28 26
6 20
36 26
1 26
37 20
0 26
3 26
33 26
5 26
25 26
15 26
10 26
21 28
14 12
8 22
4 23
11 24
22 20
27 20
4 26
29 24
35 20
2 23
3 32
11 32
26 24
33 23
5 23
9 20
22 26
20 26
27 26
4 20
25 23
15 23
10 23
21 20
14 20
19 20
24 20
7 24
30 24
31 24
17 24
16 26
32 24
29 23
35 28
2 24
3 23
11 26
26 32
33 32
5 32
9 32
22 32
20 32
27 32
4 32
25 32
12 32
13 32
15 32
10 32
21 4
18 32
14 32
19 26
34 26
24 26
7 23
30 23
31 23
17 23
16 20
32 23
29 26
35 26
2 4
3 10
2 14
3 15
2 13
3 5
2 5
11 10
2 15
3 18
2 10
26 10
2 18
11 15
3 9
2 3
26 15
11 5
3 11
2 27
33 11
5 11
9 26
22 23
26 5
20 23
27 23
11 3
3 2
2 33
33 2
5 2
4 2
9 2
22 2
26 3
20 2
27 2
25 11
28 32
6 23
12 2
13 23
15 11
10 11
11 2
3 27
36 23
1 32
37 23
2 25
21 24
33 24
5 24
4 24
9 24
22 24
26 33
20 24
27 24
25 2
28 24
6 24
12 11
13 2
15 2
10 2
11 33
3 33
36 24
1 24
37 24
18 2
14 2
2 11
0 32
21 32
19 23
34 23
8 26
24 23
33 3
5 3
4 3
9 3
22 3
26 25
20 3
27 3
25 3
7 32
30 32
31 32
17 32
28 23
6 32
12 23
13 11
15 3
10 3
11 25
