router
         
1   NA          39.20738       9.13462        
4   NA          39.20738       9.16666    
6   NA          42.35055       13.39954
7   NA          40.72722       8.56028
8   NA          38.11582       13.35976
9   NA          45.18446       9.16145
10   NA          41.89474       12.4839
11   NA          43.09674       12.38286
12   NA          38.89079       16.5987     
14   NA          44.49381       11.33875
15   NA          45.46427       9.18951      
17   NA          45.64861       13.78
18   NA          40.83333       14.25
19   NA          38.19327       15.54969
20   NA          39.30999       16.25019
21   NA          37.50213       15.08719
22   NA          38.11582       13.35976        
26   NA          44.49381       11.33875      
28   NA          42.04023       13.4388
29   NA          43.76667       11.25
30   NA          43.76667       11.66
31   NA          45.41519       11.88181
32   NA          40.62773       17.93682
33   NA          45.43861       12.32667
34   NA          45.41519       11.88181
35   NA          45.46427       9.18951
36   NA          46.06787       11.12108
37   NA          45.46427       9.18951
38   NA          45.46427       9.16666
39   NA          44.40632       8.93386
40   NA          45.07049       7.68682
41   NA          40.67797       14.76599
42   NA          40.64432       15.80857
43   NA          41.56003       14.66753
44   NA          41.81632       12.66868
45   NA          42.35055       13.39954
46   NA          43.59816       13.51008
47   NA          40.66852       16.60158
48   NA          40.35703       18.17202
27   NA          41.11773       16.85118
25   NA          41.46093       15.54925       
24   NA          45.52478       10.22727         
23   NA          41.89474       12.4839
16   NA          45.46427       9.18951
13   NA          44.82678       11.62071
5   NA          45.18446       9.16145
3   NA          43.71553       10.39659
2   NA          43.72621       12.63633

link

1 4  1Gbps
4 10 2.5Gbps
4 23 2.5Gbps
4 7 1Gbps
6 45 34Mbps
6 23 1Gbps
8 22 1Gbps
9 5 1Gbps
10 44 2.5Gbps
10 45 622Mbps
10 21 2.5Gbps
10 23 622Mbps
11 23 1Gbps
12 20 100Mbps
14 34 2.5Gbps
14 35 10Gbps
14 46 1Gbps
14 27 2.5Gbps
14 23 10Gbps
14 13 1Gbps
14 26 1Gbps
14 29 2.5Gbps
15 35 1Gbps
15 24 1Gbps
15 37 1Gbps
17 16 2.5Gbps
17 34 155Mbps
18 41 1Gbps
18 43 2.5Gbps 
18 21 2.5Gbps
18 23 2.5Gbps 
18 27 2.5Gbps
19 21 1Gbps
20 21 1Gbps
21 22 622Mbps
28 23 34Mbps
29 30 34Mbps
29 3 2.5Gbps
31 33 1Gbps
31 34 1Gbps
32 27 1Gbps
34 35 2.5Gbps
34 36 1Gbps
35 37 10Gbps
35 16 1Gbps
36 37 1Gbps
37 38 1Gbps
37 39 1Gbps
37 40 2.5Gbps
37 16 2.5Gbps
37 23 10Gbps
37 5 1Gbps
38 16 1Gbps
39 3 1Gbps
40 3 2.5Gbps
42 27 1Gbps
44 23 2.5Gbps
46 2 622Mbps
47 27 1Gbps
48 27 1Gbps
27 25 155Mbps
23 3 2.5Gbps
