router

9   NA          51.46117       -0.93083
1   NA          51.37795       -2.35907
2   NA          52.5       -1.96667
3   NA          51.48       -3.18
4   NA          51.50853       -0.12574
5   NA          52.2       0.11667
6   NA          50.90395       -1.40428
7   NA          51.38914       0.54863
8   NA          52.83111       -1.32806       
10   NA          55.95       -3.2
11   NA          51.45625       -0.97113
12   NA          53.79648       -1.54785
13   NA          53.39254       -2.58024
14   NA          55.86515       -4.25763
15   NA          51.50853       -0.12574
16   NA          51.50853       -0.12574
17   NA          51.50853       -0.12574
18   NA          51.45       -2.58333
19   NA          -2.8333354.58333       
20   NA          -6.554.5       
21   NA          57.12       -4.71
22   NA          57.14369       -2.09814
23   NA          56.33871       -2.79902
24   NA          55.95       -3.2
25   NA          55.86515       -4.25763
26   NA          54.97328       -1.61396
27   NA          54.27966       -0.40443
28   NA          53.48095       -2.23743

link

9 11 155Mbps
9 4 155Mbps
1 18 155Mbps
1 3 155Mbps
2 12 155Mbps
2 13 155Mbps
3 11 155Mbps
4 17 155Mbps
5 17 155Mbps
5 12 155Mbps
6 17 155Mbps
6 18 155Mbps
7 17 155Mbps
7 11 155Mbps
8 17 155Mbps
8 12 155Mbps 
10 12 155Mbps
10 14 155Mbps
11 13 155Mbps
11 16 155Mbps
11 18 155Mbps
12 13 155Mbps
12 17 155Mbps
12 23 155Mbps
12 24 155Mbps
12 26 155Mbps
12 27 155Mbps
13 14 155Mbps
13 19 155Mbps
13 28 155Mbps
14 19 155Mbps
14 20 155Mbps
14 21 155Mbps
14 25 155Mbps
14 26 155Mbps
14 28 155Mbps
15 16 155Mbps
15 17 155Mbps
17 18 155Mbps
21 22 155Mbps
22 23 155Mbps
24 25 155Mbps
27 28 155Mbps

