router

10   NA          25.28194       110.28639
1   NA          25.03889       102.71833
2   NA          29.56278       106.55278
3   NA          26.58333       106.71667
4   NA          20.04583       110.34167
5   NA          23.38861       112.82111
6   NA          22.81667       108.31667
7   NA          23.11667       113.25
8   NA          22.54554       114.0683
9   NA          24.47979       118.08187
12   NA          38.04139       114.47861
13   NA          39.14222       117.17667
14   NA          38.91222       121.60222
15   NA          41.79222       123.43278
16   NA          45.75       126.65
17   NA          43.88       125.32278
20   NA          31.86389       117.28083
21   NA          39.9075       116.39723
22   NA          38.04139       114.47861
23   NA          28.68333       115.88333
24   NA          30.58333       114.26667
25   NA          28.2       112.96667
26   NA          26.06139       119.30611
27   NA          36.09861       120.37194
28   NA          32.06167       118.77778
29   NA          31.22222       121.45806
30   NA          30.25528       120.16889
31   NA          34.75778       113.64861
32   NA          25.71056       116.97865
33   NA          43.8       87.58333
34   NA          29.65       91.1
35   NA          36.61667       101.76667
36   NA          36.05639       103.79222
37   NA          34.25833       108.92861
18   NA          38.46806       106.27306
19   NA          40.81056       111.65222
11   NA          37.86944       112.56028

link

10 6 2Mbps
10 7 155Mbps
1 32 155Mbps
1 3 2Mbps
2 24 155Mbps
2 32 2.5Gbps
3 32 155Mbps
4 8 2Mbps
4 7 155Mbps
5 21 155Mbps
6 7 155Mbps
7 8 155Mbps
7 9 155Mbps
7 24 2.5Gbps
7 25 2.5Gbps
7 29 155Mbps
9 26 155Mbps
12 27 2Mbps
12 28 155Mbps
12 13 2.5Gbps
13 21 2Mbps
14 15 2.5Gbps
15 16 2.5Gbps
15 17 2.5Gbps
15 21 2.5Gbps
15 29 155Mbps
20 24 2.5Gbps
20 28 155Mbps
21 34 155Mbps
21 19 155Mbps
21 11 155Mbps
21 22 155Mbps
21 23 2Mbps
21 24 2.5Gbps
21 31 2.5Gbps
21 28 2.5Gbps
21 37 155Mbps
21 37 155Mbps
23 29 155Mbps
24 32 2.5Gbps
24 25 155Mbps
24 28 2.5Gbps
24 31 155Mbps
26 29 155Mbps
27 28 155Mbps
28 29 2.5Gbps
29 30 2.5Gbps
32 37 155Mbps
33 37 155Mbps
33 18 2Mbps
35 36 2Mbps
35 37 155Mbps
36 37 155Mbps
37 18 155Mbps
19 11 2Mbps

