router

25   NA          25.77427       -80.19366
1   NA          29.76328       -95.36327
2   NA          38.89511       -77.03637
3   NA          33.749       -84.38798
4   NA          35.08449       -106.65114
5   NA          33.44838       -112.07404
6   NA          32.78306       -96.80667
7   NA          38.62727       -90.19789
8   NA          32.71533       -117.15726
9   NA          34.05223       -118.24368
10   NA          37.35411       -121.95524
11   NA          37.9577       -121.29078
12   NA          38.58157       -121.4944
13   NA          36.74773       -119.77237
14   NA          37.77493       -122.41942
15   NA          40.71427       -74.00597
16   NA          42.35843       -71.05977
17   NA          47.60621       -122.33207
18   NA          40.76078       -111.89105
19   NA          41.85003       -87.65005
20   NA          44.97997       -93.26384
21   NA          42.33143       -83.04575
22   NA          38.02798       -121.88468
23   NA          39.95234       -75.16379
24   NA          39.95622       -75.05795

link

25 3      45Mbps
1 6      45Mbps
2 3      155Mbps
2 23     155Mbps
3 6      155Mbps
3 15     155Mbps
4 6      45Mbps
5 9      155Mbps
5 6      155Mbps
6 7      155Mbps
7 19      155Mbps
8 9      45Mbps
9 10      155Mbps
9 12      45Mbps
9 19      155Mbps
9 24      45Mbps
10 11      45Mbps
10 12      45Mbps
10 13      45Mbps
10 14      155Mbps
14 17      155Mbps
15 16      45Mbps
15 23      155Mbps
17 18      45Mbps
17 19      155Mbps
19 21      155Mbps
19 20      45Mbps
21 22      45Mbps
22 23      45Mbps
23 24      45Mbps

