router

50   NA          52.85       6.60833
1   NA          52.83417       6.36944
2   NA          53.21917       6.56667
3   NA          52.99667       6.5625
4   NA          52.63167       4.74861
5   NA          52.50833       5.475
6   NA          53.20139       5.80859
7   NA          52.95988       4.75933
8   NA          52.37403       4.88969
9   NA          52.38084       4.63683
10   NA          51.765       5.51806
11   NA          51.69917       5.30417
12   NA          52.02833       5.16806
13   NA          51.97       5.66667
14   NA          51.8425       5.85278
15   NA          51.37       6.16806
16   NA          50.88365       5.98154
17   NA          50.84833       5.68889
18   NA          51.13929       5.88627
19   NA          51.44083       5.47778
20   NA          51.4925       4.05
21   NA          51.4425       3.57361
22   NA          52.01667       4.70833
23   NA          52.02917       5.08056
24   NA          51.55551       5.0913
25   NA          51.81       4.67361
26   NA          51.495       4.29167
27   NA          51.58656       4.77596
28   NA          51.5       3.61389
29   NA          51.65       3.91944
30   NA          52.09083       5.12222
31   NA          52.17417       5.00139
32   NA          52.15833       4.49306
33   NA          52.18       4.46944
34   NA          52.26       4.55694
35   NA          52.3       4.75
36   NA          52.22333       5.17639
37   NA          51.9225       4.47917
38   NA          52.00667       4.35556
39   NA          52.07667       4.29861
40   NA          52.77917       6.90694
41   NA          53.14417       7.03472
42   NA          51.98       5.91111
43   NA          52.21       5.96944
44   NA          52.13833       6.20139
45   NA          52.21833       6.89583
46   NA          52.255       6.16389
47   NA          52.5125       6.09444
48   NA          52.69583       6.19444
49   NA          52.7225       6.47639

link

50 1 155Mbps
1 8 155Mbps
1 3 155Mbps
2 41 155Mbps
2 3 155Mbps
2 3 155Mbps
2 6 155Mbps
3 49 155Mbps
4 8 155Mbps
4 9 155Mbps
4 7 155Mbps
5 8 155Mbps
5 47 155Mbps
6 7 155Mbps
8 32 155Mbps
8 35 155Mbps
8 38 155Mbps
8 47 155Mbps
8 36 155Mbps
8 30 155Mbps
8 31 155Mbps
9 32 155Mbps
10 11 155Mbps
11 19 155Mbps
11 23 155Mbps
12 30 155Mbps
12 30 155Mbps
13 14 155Mbps
13 30 155Mbps
14 42 155Mbps
14 15 155Mbps
14 45 155Mbps
15 16 155Mbps
16 17 155Mbps
16 17 155Mbps
17 18 155Mbps
18 19 155Mbps
19 24 155Mbps
19 30 155Mbps
20 26 155Mbps
20 21 155Mbps
21 28 155Mbps
22 37 155Mbps
22 30 155Mbps
23 30 155Mbps
24 27 155Mbps
25 27 155Mbps
25 37 155Mbps
26 27 155Mbps
26 27 155Mbps
26 29 155Mbps
28 29 155Mbps
30 36 155Mbps
30 38 155Mbps
30 31 155Mbps
32 33 155Mbps
32 38 155Mbps
32 39 155Mbps
33 34 155Mbps
34 35 155Mbps
37 38 155Mbps
37 38 155Mbps
38 39 155Mbps
40 41 155Mbps
40 49 155Mbps
42 44 155Mbps
42 46 155Mbps
43 44 155Mbps
43 46 155Mbps
45 47 155Mbps
46 47 155Mbps
47 48 155Mbps
48 49 155Mbps

