router

1    NA          50.85045       4.34878
2    NA          55.67594       12.56553
3    NA          52.41667       16.96667
4    NA          50.11667       8.68333
5    NA          50.08804       14.42076
6    NA          49.61167       6.13
7    NA          48.85341       2.3488
8    NA          46.94809       7.44744
9    NA          45.46427       9.18951 
10   NA          52.37403       4.88969 
11   NA          59.43696       24.75353    
12   NA          42.69751       23.32415
13   NA          44.43225       26.10626
14   NA          39.05901       34.91155
15   NA          37.97945       23.71622
16   NA          35.16667       33.36667
17   NA          31.5           34.75
18   NA          35.90917       14.42556
19   NA          56.946         24.10589        
20   NA          42.0           21.43333
21   NA          42.44111       19.26361
22   NA          47.49801       19.03991
23   NA          48.14816       17.10674
24   NA          38.71667       -9.13333
25   NA          40.4165        -3.70256
26   NA          44.80401       20.46513
27   NA          45.81444       15.97798
28   NA          46.05108       14.50513
29   NA          48.20849       16.37208
30   NA          54.9           23.9
31   NA          55.75222       37.61556
32   NA          64.13548       -21.89541
33   NA          53.34399       -6.26719
34   NA          51.50853       -0.12574
35   NA          62.0           10.0
36   NA          59.33258       18.0649
37   NA          60.45148       22.26869

link

10 1 2.5Gbps
10 2 2.5Gbps
10 4 2.5Gbps
10 34 2.5Gbps       
10 30 2.5Gbps       
1 33 2.5Gbps
2 32 10Gbps
2 35 2.5Gbps
2 4 2.5Gbps
2 11 10Gbps
2 36 2.5Gbps
2 31 10Gbps
3 4 10Gbps
3 5 10Gbps
3 30 10Gbps
4 5 2.5Gbps
4 6 10Gbps
4 8 2.5Gbps
4 16 1Gbps
4 17 2.5Gbps
4 29 10Gbps
4 31 10Gbps
5 23 2.5Gbps
6 7 10Gbps
7 8 2.5Gbps
7 25 10Gbps
7 34 2.5Gbps
8 9 2.5Gbps
8 25 2.5Gbps
9 25 10Gbps
9 18 1Gbps
9 29 2.5Gbps
9 15 10Gbps
12 14 10Gbps
12 20 155Mbps
12 13 10Gbps
12 22 10Gbps
12 15 10Gbps
13 22 10Gbps
13 14 10Gbps
15 29 10Gbps
16 34 1Gbps
17 30 2.5Gbps
21 27 155Mbps
22 26 10Gbps
22 27 2.5Gbps
22 23 2.5Gbps
23 29 2.5Gbps
24 25 10Gbps
24 34 10Gbps
27 28 2.5Gbps
28 29 2.5Gbps
30 19 10Gbps
32 34 2.5Gbps
33 34 10Gbps
35 36 10Gbps
36 37 2.5Gbps
11 19 10Gbps

