router

8   NA          50.83333       12.91667
1   NA          51.33962       12.37129
2   NA          52.52437       13.41053
3   NA          51.05089       13.73832
4   NA          49.87056       8.64944
5   NA          49.40768       8.69079
6   NA          50.93333       11.58333
7   NA          50.68333       10.9
10   NA          49.00472       8.38583
11   NA          48.78232       9.17702
14   NA          52.03333       8.53333
16   NA          51.53333       9.93333
17   NA          53.07516       8.80777
18   NA          51.26667       7.18333
19   NA          50.93333       6.95
20   NA          50.73333       7.1
21   NA          50.81667       8.76667
22   NA          50.58333       8.65
23   NA          51.31667       9.5
24   NA          51.71905       8.75439
25   NA          53.16667       8.2
27   NA          51.96236       7.62571
28   NA          49.23333       7.0        
30   NA          53.55       10.0
31   NA          53.55       10.0
32   NA          54.32133       10.13489
33   NA          54.0887       12.14049
34   NA          52.16667       11.66667
35   NA          52.26667       10.53333
36   NA          49.45       7.75
37   NA          54.1       13.38333
38   NA          51.51667       7.45
39   NA          51.48333       7.21667
40   NA          48.13743       11.57549
41   NA          49.015       12.09556
42   NA          48.36667       10.88333
43   NA          48.25       11.65
44   NA          51.45       7.01667
45   NA          50.93333       6.36667
46   NA          50.77664       6.08342
47   NA          49.78778       9.93611
48   NA          52.52437       13.41053
49   NA          52.52437       13.41053
50   NA          52.37052       9.73322
51   NA          50.11667       8.68333
9   NA          52.39886       13.06566
12   NA          49.58972       11.00389
13   NA          49.94806       11.57833
15   NA          52.34714       14.55062
26   NA          52.52437       13.41053
29   NA          52.36667       13.61667

link

8 1 155Mbps       
8 3 155Mbps       
1 12 155Mbps       
1 6 155Mbps            
2 26 155Mbps       
2 49 155Mbps
3 9 155Mbps
3 12 155Mbps
4 51 155Mbps
4 5 155Mbps
5 10 155Mbps
6 7 155Mbps
7 12 155Mbps
10 11 155Mbps
10 51 155Mbps
10 36 155Mbps
11 43 155Mbps
14 24 155Mbps
14 50 155Mbps
14 27 155Mbps
16 50 155Mbps
16 23 155Mbps
17 25 155Mbps
17 50 155Mbps
17 31 155Mbps
18 19 155Mbps
18 38 155Mbps
19 51 155Mbps
19 20 155Mbps
20 46 155Mbps
21 22 155Mbps
21 23 155Mbps
22 51 155Mbps
23 24 155Mbps
25 27 155Mbps
27 44 155Mbps
28 51 155Mbps
28 36 155Mbps
30 48 155Mbps
30 31 155Mbps
32 33 155Mbps
32 50 155Mbps
33 50 155Mbps
33 37 155Mbps
34 35 155Mbps
34 9 155Mbps
35 50 155Mbps
36 51 155Mbps
37 9 155Mbps
38 39 155Mbps
39 44 155Mbps
40 41 155Mbps
40 43 155Mbps
41 12 155Mbps
42 43 155Mbps
42 12 155Mbps
43 51 155Mbps
44 50 155Mbps
44 45 155Mbps
45 46 155Mbps
46 51 155Mbps
47 51 155Mbps
47 12 155Mbps
48 26 155Mbps
48 49 155Mbps
48 9 155Mbps
48 29 155Mbps
50 51 155Mbps
50 9 155Mbps
50 12 155Mbps
50 15 155Mbps
51 9 155Mbps
51 12 155Mbps
9 12 155Mbps
9 13 155Mbps
9 15 155Mbps
9 26 155Mbps
12 13 155Mbps
15 26 155Mbps
26 29 155Mbps

